0 68 98 111 129 156 197 208 250 279 
1 62 89 143 248 
2 142 196 214 
3 
4 74 102 162 198 237 
5 91 169 298 
6 76 160 220 
7 54 73 92 119 146 171 200 217 245 262 292 
8 93 144 235 277 
9 
10 79 126 154 186 209 236 278 
11 61 81 115 150 189 252 276 
12 85 122 244 
13 
14 69 90 112 135 163 173 225 280 
15 78 191 255 291 
16 153 203 295 
17 80 108 127 206 238 286 
18 64 94 134 151 181 221 254 265 273 296 
19 63 95 128 
20 70 83 120 152 182 215 231 268 299 
21 183 
22 
23 116 159 229 
24 114 176 239 289 
25 118 145 
26 
27 
28 96 
29 88 
30 59 100 192 243 287 
31 131 179 211 242 288 
32 
33 77 106 177 205 258 
34 
35 
36 125 216 300 
37 86 99 121 168 210 259 
38 110 178 212 253 
39 232 
40 202 
41 67 84 107 147 184 219 226 241 260 290 
42 82 101 140 166 190 223 257 271 
43 103 167 213 267 
44 71 104 185 224 261 274 
45 199 284 
46 87 124 155 174 207 256 283 
47 139 188 
48 72 109 136 204 246 263 
49 161 249 275 
50 193 230 282 
51 75 149 201 228 
52 105 158 187 227 266 294 
53 285 
55 157 251 
56 
57 133 172 233 269 
58 97 164 264 
60 123 148 180 218 272 293 
65 
66 117 194 
113 247 
130 
132 270 
137 
138 
141 297 
165 
170 
175 
195 234 
222 
240 
281 
